+ python map_circle_areas.py
circle_areas       = [3.56773, 5.57668, 4.00914, 56.24241, 9.01344, 32.00013]
round_circle_areas = [3.6, 5.58, 4.009, 56.2424, 9.01344, 32.00013]
