+ python bmi.py
np_weight      = [81.65 97.52 95.25 92.98 86.18 88.45]
np_height      = [1.87 1.87 1.82 1.91 1.9  1.85]
np_height ** 2 = [3.4969 3.4969 3.3124 3.6481 3.61   3.4225]
bmi            = [23.34925219 27.88755755 28.75558507 25.48723993 23.87257618 25.84368152]
